1111111111111111111111111111111111111111111111111111111111111111
1111111111111111111111111111111111111111111111111111111111111111
1111111111111110000000000001111111111000000000000000000000000111
1110100110100110000000000000111111110000000000000000000000000011
1110000110100110000000000000111111110000000000000000000000000011
1111100010101110000000000000111111110000000000000000000000000011
1111111111100000000000000000011111111000000000000000000000000011
1111000000000000000000000000011111111000000000000000000000000011
1100000000000000000000000000011111111000000000000000000000000011
1100000000000000000000000000111111111000000000000000000000000011
1100000000000000000000000000111111111100000001100000000000000011
1100000000000000000000000000111111111100000001100001000000000011
1100000000000000100000000001111111111110000011100000000000000011
1100000000000001000000000001111111111110000000000000000000000011
1100000000000001000000000011111111111111000000000000000000000011
1100000000000000000000000111111111111111100000000000000000000011
1100000000000000000000001111111111111111111100000000000000000011
1100000000000000000000011111111111111111111111000000001000000011
1100000000000000000000111111111111111111111111111111110000000011
1100000000000000000011111111111111111111111111111111111111100011
1100000000000000011111011111111111111111111111111111111111100011
1100000000011111111111001111111111111111111111111111111111110011
1100000111111111111110000111111111111001111111111111111111111011
1100000111111111111110000011111111100000000011111111111111111111
1100001111111111111100000001111111000000000001111111111111111111
1100001111111111111100000000000000000000000000001111111111111111
1100001111111111111000000000000000000000000000001111111111111111
1100011111111111111000000000000000000000000000000001111111111111
1100011111111111110000000000000000000000000000000000011111111111
1100011111111110000000000000000000000001000011100000000111111111
1100011111111000000000000000000000000001100111110000000011111111
1100011111110000000100000000000000000001111111111000000000111111
1100011111100000001110000000000000000001111111111100000000011111
1100011110000000111110000000000000000001111111111100000000001111
1100011000000000111100000000000000000000001111111110000000001111
1100011000000000111000000000000000000000000111111110000000000111
1100010000000000000000000000000000000000000111111111000000000111
1100000000000000001000000000000000000000011111111111000000000111
1100000000000000010000000000000000000000111111111110000000000111
1100000000000000010010011000000000000011111111111110000000000111
1100000000000000011111111111111111111111111111111100000000000111
1100000000000000000001001111111111111111110000000000000000000111
1100000000000000000000000000011111111100000000000000000000000111
1100000000000000000000000000000000000000000000000000000000000111
1100000000000000000000000000000000000000000000000000000000000111
1100000000000000000000000000000000000000000000000000000000000111
1100000000000000000000000000000000000000000000000000000000000111
1100000000000000000000000001000000000000000000000000100000000111
1100000000000000000000000001011110011110000001100000000000000011
1100000000000000000000000000011111111110001111100000000000000011
1100000000000000000000000000000000001110111111100100000000000011
1100000000000000000000000000011000000100000000000000000000000011
1100000000000000000000000000011001100000000000000000000000000011
1100000000000000000000000000110000000000000000000000000000000011
1100000000000000000000000000000000000000000000000000000000000011
1100000000000000000000000000000000000000000000000000000000000011
1111111111111111111111111111111111111111111111111111111111111111
1111111111111111111111111111111111111111111111111111111111111111
1111111111111111111111111111111111111111111111111111111111111111
1111111111111111111111111111111111111111111111111111111111111111
1111111111111111111111111111111111111111111111111111111111111111
1111111111111111111111111111111101111111111111111111111111111111
1111111111111111111111111111111011111111111111111111111111111111
1111111111111111111111111111111111111111111111111111111111111111
